65783 , 0.0276 , 
65784 , 0.0352 , 
65786 , 0.0266 , 
65788 , 0.0349 , 
65789 , 0.0364 , 
65792 , 0.0364 , 
65794 , 0.0369 , 
65796 , 0.0313 , 
65797 , 0.0332 , 
65799 , 0.0347 , 
65801 , 0.0286 , 
65803 , 0.0352 , 
65804 , 0.0317 , 
65806 , 0.0242 , 
65808 , 0.0273 , 
65809 , 0.0356 , 
65811 , 0.0327 , 
65813 , 0.0251 , 
65815 , 0.0305 , 
65816 , 0.0347 , 
65818 , 0.0249 , 
65820 , 0.0200 , 
65822 , 0.0327 , 
65823 , 0.0315 , 
65825 , 0.0288 , 
65827 , 0.0298 , 
65829 , 0.0273 , 
65830 , 0.0276 , 
65832 , 0.0342 , 
65835 , 0.0359 , 
65836 , 0.0266 , 
65838 , 0.0293 , 
65840 , 0.0278 , 
65842 , 0.0295 , 
65843 , 0.0295 , 
65845 , 0.0208 , 
65847 , 0.0225 , 
65849 , 0.0322 , 
65850 , 0.0249 , 
65852 , 0.0251 , 
65854 , 0.0288 , 
65855 , 0.0322 , 
65857 , 0.0308 , 
65859 , 0.0293 , 
65861 , 0.0273 , 
65862 , 0.0256 , 
65864 , 0.0325 , 
65866 , 0.0347 , 
65868 , 0.0249 , 
65869 , 0.0278 , 
65871 , 0.0327 , 
65873 , 0.0337 , 
65874 , 0.0278 , 
65876 , 0.0286 , 
65879 , 0.0327 , 
65881 , 0.0330 , 
65882 , 0.0303 , 
65884 , 0.0349 , 
65886 , 0.0281 , 
65888 , 0.0300 , 
65889 , 0.0300 , 
65891 , 0.0261 , 
65893 , 0.0303 , 
65894 , 0.0283 , 
65896 , 0.0298 , 
65898 , 0.0317 , 
65900 , 0.0349 , 
65901 , 0.0327 , 
65903 , 0.0320 , 
65905 , 0.0293 , 
65907 , 0.0286 , 
65908 , 0.0313 , 
65910 , 0.0266 , 
65912 , 0.0288 , 
65913 , 0.0332 , 
65915 , 0.0286 , 
65917 , 0.0298 , 
65920 , 0.0308 , 
65921 , 0.0322 , 
65923 , 0.0352 , 
65925 , 0.0366 , 
65927 , 0.0276 , 
65928 , 0.0276 , 
65930 , 0.0322 , 
65932 , 0.0305 , 
65933 , 0.0327 , 
65935 , 0.0330 , 
65937 , 0.0310 , 
65939 , 0.0356 , 
65940 , 0.0308 , 
65942 , 0.0354 , 
65944 , 0.0315 , 
65946 , 0.0317 , 
65947 , 0.0266 , 
65949 , 0.0330 , 
65951 , 0.0349 , 
65952 , 0.0325 , 
65954 , 0.0300 , 
65956 , 0.0347 , 
65958 , 0.0364 , 
65959 , 0.0317 , 
65961 , 0.0308 , 
65964 , 0.0320 , 
65966 , 0.0313 , 
65967 , 0.0303 , 
65969 , 0.0254 , 
65971 , 0.0261 , 
65972 , 0.0281 , 
65974 , 0.0286 , 
65976 , 0.0305 , 
65978 , 0.0317 , 
65979 , 0.0305 , 
65981 , 0.0332 , 
65983 , 0.0344 , 
65985 , 0.0315 , 
65986 , 0.0303 , 
65988 , 0.0293 , 
65990 , 0.0349 , 
65992 , 0.0327 , 
65993 , 0.0322 , 
65995 , 0.0334 , 
65997 , 0.0405 , 
65998 , 0.0308 , 
66000 , 0.0303 , 
66002 , 0.0347 , 
66004 , 0.0315 , 
66006 , 0.0337 , 
66008 , 0.0383 , 
66010 , 0.0222 , 
66012 , 0.0369 , 
66013 , 0.0352 , 
66015 , 0.0291 , 
66017 , 0.0400 , 
66018 , 0.0303 , 
66020 , 0.0278 , 
66022 , 0.0344 , 
66024 , 0.0315 , 
66025 , 0.0256 , 
66027 , 0.0286 , 
66029 , 0.0352 , 
66031 , 0.0352 , 
66032 , 0.0327 , 
66034 , 0.0356 , 
66036 , 0.0337 , 
66037 , 0.0293 , 
66039 , 0.0269 , 
66041 , 0.0332 , 
66043 , 0.0229 , 
66044 , 0.0273 , 
66046 , 0.0283 , 
66049 , 0.0366 , 
66051 , 0.0349 , 
66052 , 0.0308 , 
66054 , 0.0361 , 
66056 , 0.0315 , 
66057 , 0.0354 , 
66059 , 0.0288 , 
66061 , 0.0283 , 
66063 , 0.0300 , 
66064 , 0.0273 , 
66066 , 0.0281 , 
66068 , 0.0266 , 
66070 , 0.0303 , 
66071 , 0.0305 , 
66073 , 0.0234 , 
66075 , 0.0283 , 
66076 , 0.0286 , 
66078 , 0.0339 , 
66080 , 0.0344 , 
66082 , 0.0330 , 
66083 , 0.0327 , 
66085 , 0.0369 , 
66087 , 0.0271 , 
66089 , 0.0293 , 
66091 , 0.0200 , 
66093 , 0.0232 , 
66095 , 0.0278 , 
66096 , 0.0273 , 
66098 , 0.0308 , 
66100 , 0.0339 , 
66102 , 0.0298 , 
66103 , 0.0271 , 
66105 , 0.0273 , 
66107 , 0.0317 , 
66109 , 0.0244 , 
66110 , 0.0298 , 
66112 , 0.0359 , 
66114 , 0.0298 , 
66115 , 0.0288 , 
66117 , 0.0283 , 
66119 , 0.0278 , 
66121 , 0.0291 , 
66122 , 0.0266 , 
66124 , 0.0251 , 
66126 , 0.0327 , 
66128 , 0.0288 , 
66129 , 0.0269 , 
66131 , 0.0264 , 
66134 , 0.0291 , 
66135 , 0.0254 , 
66137 , 0.0308 , 
66139 , 0.0293 , 
66141 , 0.0308 , 
66142 , 0.0352 , 
66144 , 0.0295 , 
66146 , 0.0317 , 
66148 , 0.0271 , 
66149 , 0.0298 , 
66151 , 0.0269 , 
66153 , 0.0273 , 
66155 , 0.0332 , 
66156 , 0.0283 , 
66158 , 0.0320 , 
66160 , 0.0273 , 
66161 , 0.0303 , 
66163 , 0.0344 , 
66165 , 0.0303 , 
66167 , 0.0303 , 
66168 , 0.0291 , 
66170 , 0.0334 , 
66172 , 0.0286 , 
66174 , 0.0315 , 
66176 , 0.0317 , 
66178 , 0.0303 , 
66180 , 0.0334 , 
66181 , 0.0325 , 
66183 , 0.0344 , 
66185 , 0.0320 , 
66187 , 0.0317 , 
66188 , 0.0291 , 
66190 , 0.0322 , 
66192 , 0.0291 , 
66194 , 0.0286 , 
66195 , 0.0288 , 
66197 , 0.0344 , 
66199 , 0.0298 , 
66200 , 0.0300 , 
66202 , 0.0320 , 
66204 , 0.0315 , 
66206 , 0.0303 , 
66207 , 0.0295 , 
66209 , 0.0332 , 
66211 , 0.0283 , 
66213 , 0.0327 , 
66214 , 0.0339 , 
66216 , 0.0315 , 
66219 , 0.0276 , 
66221 , 0.0320 , 
66222 , 0.0327 , 
66224 , 0.0291 , 
66226 , 0.0349 , 
66227 , 0.0364 , 
66229 , 0.0381 , 
66231 , 0.0256 , 
66233 , 0.0298 , 
66234 , 0.0291 , 
66236 , 0.0327 , 
66238 , 0.0320 , 
66240 , 0.0366 , 
66241 , 0.0291 , 
66243 , 0.0295 , 
66245 , 0.0273 , 
66246 , 0.0308 , 
66248 , 0.0269 , 
66250 , 0.0298 , 
66252 , 0.0286 , 
66253 , 0.0352 , 
66255 , 0.0322 , 
66257 , 0.0332 , 
66259 , 0.0305 , 
66260 , 0.0332 , 
66263 , 0.0344 , 
66265 , 0.0374 , 
66266 , 0.0322 , 
66268 , 0.0291 , 
66270 , 0.0352 , 
66272 , 0.0303 , 
66273 , 0.0334 , 
66275 , 0.0320 , 
66277 , 0.0330 , 
66279 , 0.0342 , 
66280 , 0.0361 , 
66282 , 0.0374 , 
66284 , 0.0283 , 
66285 , 0.0298 , 
66287 , 0.0308 , 
66289 , 0.0305 , 
66291 , 0.0347 , 
66292 , 0.0303 , 
66294 , 0.0317 , 
66296 , 0.0273 , 
66298 , 0.0308 , 
66299 , 0.0347 , 
66301 , 0.0310 , 
66304 , 0.0320 , 
66305 , 0.0308 , 
66307 , 0.0295 , 
66309 , 0.0300 , 
66311 , 0.0276 , 
66312 , 0.0334 , 
66314 , 0.0229 , 
66316 , 0.0317 , 
66318 , 0.0295 , 
66319 , 0.0320 , 
66321 , 0.0352 , 
66323 , 0.0308 , 
66324 , 0.0283 , 
66326 , 0.0283 , 
66328 , 0.0332 , 
66330 , 0.0295 , 
66331 , 0.0293 , 
66333 , 0.0293 , 
66335 , 0.0317 , 
66337 , 0.0344 , 
66338 , 0.0310 , 
66340 , 0.0254 , 
66342 , 0.0278 , 
66343 , 0.0276 , 
66345 , 0.0308 , 
66348 , 0.0339 , 
66350 , 0.0288 , 
66351 , 0.0330 , 
66353 , 0.0264 , 
66355 , 0.0300 , 
66357 , 0.0303 , 
66358 , 0.0283 , 
66360 , 0.0286 , 
66362 , 0.0271 , 
66363 , 0.0322 , 
66365 , 0.0259 , 
66367 , 0.0322 , 
66369 , 0.0242 , 
66370 , 0.0266 , 
66372 , 0.0334 , 
66374 , 0.0237 , 
66376 , 0.0283 , 
66377 , 0.0293 , 
66379 , 0.0371 , 
66381 , 0.0361 , 
66383 , 0.0352 , 
66384 , 0.0308 , 
66386 , 0.0261 , 
66388 , 0.0266 , 
66390 , 0.0251 , 
66392 , 0.0281 , 
66394 , 0.0313 , 
66396 , 0.0303 , 
66397 , 0.0300 , 
66399 , 0.0288 , 
66401 , 0.0298 , 
66403 , 0.0291 , 
66404 , 0.0273 , 
66406 , 0.0308 , 
66408 , 0.0303 , 
66409 , 0.0254 , 
66411 , 0.0283 , 
66413 , 0.0303 , 
66415 , 0.0317 , 
66416 , 0.0269 , 
66418 , 0.0298 , 
66420 , 0.0295 , 
66422 , 0.0264 , 
66423 , 0.0278 , 
66425 , 0.0293 , 
66427 , 0.0298 , 
66428 , 0.0342 , 
66430 , 0.0310 , 
66433 , 0.0310 , 
66435 , 0.0295 , 
66436 , 0.0344 , 
66438 , 0.0303 , 
66440 , 0.0300 , 
66442 , 0.0303 , 
66443 , 0.0305 , 
66445 , 0.0286 , 
66447 , 0.0305 , 
66448 , 0.0334 , 
66450 , 0.0342 , 
66452 , 0.0334 , 
66454 , 0.0291 , 
66455 , 0.0308 , 
66457 , 0.0298 , 
66459 , 0.0278 , 
66461 , 0.0347 , 
66462 , 0.0298 , 
66464 , 0.0325 , 
66466 , 0.0325 , 
66468 , 0.0283 , 
66469 , 0.0322 , 
66471 , 0.0325 , 
66473 , 0.0313 , 
66475 , 0.0303 , 
66477 , 0.0259 , 
66479 , 0.0293 , 
66481 , 0.0369 , 
66482 , 0.0383 , 
66484 , 0.0288 , 
66486 , 0.0291 , 
66488 , 0.0330 , 
66489 , 0.0286 , 
66491 , 0.0293 , 
66493 , 0.0291 , 
66494 , 0.0256 , 
66496 , 0.0342 , 
66498 , 0.0334 , 
66500 , 0.0293 , 
66501 , 0.0281 , 
66503 , 0.0349 , 
66505 , 0.0303 , 
66507 , 0.0308 , 
66508 , 0.0266 , 
66510 , 0.0337 , 
66512 , 0.0291 , 
66514 , 0.0317 , 
66515 , 0.0315 , 
66518 , 0.0310 , 
66520 , 0.0313 , 
66521 , 0.0293 , 
66523 , 0.0315 , 
66525 , 0.0283 , 
66527 , 0.0347 , 
66528 , 0.0344 , 
66530 , 0.0315 , 
66532 , 0.0354 , 
66534 , 0.0317 , 
66535 , 0.0261 , 
66537 , 0.0322 , 
66539 , 0.0354 , 
66540 , 0.0303 , 
66542 , 0.0386 , 
66544 , 0.0364 , 
66546 , 0.0293 , 
66547 , 0.0305 , 
66549 , 0.0281 , 
66551 , 0.0315 , 
66553 , 0.0283 , 
66554 , 0.0305 , 
66556 , 0.0298 , 
66558 , 0.0327 , 
66561 , 0.0288 , 
66562 , 0.0352 , 
66564 , 0.0273 , 
66566 , 0.0315 , 
66567 , 0.0295 , 
66569 , 0.0313 , 
66571 , 0.0330 , 
66573 , 0.0305 , 
66574 , 0.0315 , 
66576 , 0.0310 , 
66578 , 0.0266 , 
66580 , 0.0291 , 
66581 , 0.0356 , 
66583 , 0.0305 , 
66585 , 0.0308 , 
66587 , 0.0305 , 
66588 , 0.0271 , 
66590 , 0.0239 , 
66592 , 0.0308 , 
66593 , 0.0266 , 
66595 , 0.0305 , 
66597 , 0.0305 , 
66599 , 0.0239 , 
66600 , 0.0300 , 
66603 , 0.0271 , 
66605 , 0.0264 , 
66606 , 0.0298 , 
66608 , 0.0295 , 
66610 , 0.0244 , 
66612 , 0.0266 , 
66613 , 0.0264 , 
66615 , 0.0266 , 
66617 , 0.0247 , 
66619 , 0.0310 , 
66620 , 0.0295 , 
66622 , 0.0298 , 
66624 , 0.0283 , 
66625 , 0.0288 , 
66627 , 0.0281 , 
66629 , 0.0317 , 
66631 , 0.0300 , 
66632 , 0.0234 , 
66634 , 0.0281 , 
66636 , 0.0295 , 
66638 , 0.0293 , 
66639 , 0.0254 , 
66641 , 0.0352 , 
66643 , 0.0300 , 
66644 , 0.0278 , 
66647 , 0.0276 , 
66649 , 0.0305 , 
66651 , 0.0317 , 
66652 , 0.0308 , 
66654 , 0.0291 , 
66656 , 0.0278 , 
66658 , 0.0305 , 
66659 , 0.0264 , 
66661 , 0.0273 , 
66663 , 0.0310 , 
66664 , 0.0317 , 
66666 , 0.0281 , 
66668 , 0.0286 , 
66670 , 0.0300 , 
66671 , 0.0313 , 
66673 , 0.0276 , 
66675 , 0.0303 , 
66677 , 0.0303 , 
66678 , 0.0276 , 
66680 , 0.0281 , 
66682 , 0.0256 , 
66683 , 0.0291 , 
66685 , 0.0266 , 
66688 , 0.0308 , 
66690 , 0.0271 , 
66691 , 0.0315 , 
66693 , 0.0269 , 
66695 , 0.0320 , 
66697 , 0.0276 , 
66698 , 0.0276 , 
66700 , 0.0288 , 
66702 , 0.0286 , 
66703 , 0.0283 , 
66705 , 0.0327 , 
66707 , 0.0334 , 
66709 , 0.0337 , 
66710 , 0.0266 , 
66712 , 0.0300 , 
66714 , 0.0332 , 
66716 , 0.0278 , 
66717 , 0.0305 , 
66719 , 0.0303 , 
66721 , 0.0303 , 
66722 , 0.0315 , 
66724 , 0.0339 , 
66726 , 0.0298 , 
66728 , 0.0349 , 
66729 , 0.0315 , 
66732 , 0.0334 , 
66734 , 0.0342 , 
66736 , 0.0325 , 
66737 , 0.0298 , 
66739 , 0.0320 , 
66741 , 0.0334 , 
66742 , 0.0300 , 
66744 , 0.0273 , 
66746 , 0.0337 , 
66748 , 0.0310 , 
66749 , 0.0298 , 
66751 , 0.0288 , 
66753 , 0.0300 , 
66755 , 0.0322 , 
66756 , 0.0298 , 
66758 , 0.0344 , 
66760 , 0.0352 , 
66761 , 0.0317 , 
66763 , 0.0276 , 
66765 , 0.0332 , 
66767 , 0.0269 , 
66768 , 0.0334 , 
66770 , 0.0298 , 
66772 , 0.0308 , 
66775 , 0.0334 , 
66776 , 0.0337 , 
66778 , 0.0308 , 
66780 , 0.0291 , 
66782 , 0.0325 , 
66783 , 0.0293 , 
66785 , 0.0283 , 
66787 , 0.0278 , 
66788 , 0.0356 , 
66790 , 0.0349 , 
66792 , 0.0295 , 
66794 , 0.0332 , 
66795 , 0.0315 , 
66797 , 0.0330 , 
66799 , 0.0334 , 
66801 , 0.0334 , 
66802 , 0.0288 , 
66804 , 0.0320 , 
66806 , 0.0334 , 
66807 , 0.0298 , 
66809 , 0.0249 , 
66811 , 0.0303 , 
66813 , 0.0259 , 
66814 , 0.0283 , 
66817 , 0.0349 , 
66819 , 0.0337 , 
66821 , 0.0342 , 
66822 , 0.0317 , 
66824 , 0.0320 , 
66826 , 0.0315 , 
66827 , 0.0259 , 
66829 , 0.0273 , 
66831 , 0.0337 , 
66833 , 0.0359 , 
66834 , 0.0305 , 
66836 , 0.0303 , 
66838 , 0.0322 , 
66840 , 0.0359 , 
66841 , 0.0332 , 
66843 , 0.0276 , 
66845 , 0.0300 , 
66846 , 0.0337 , 
66848 , 0.0293 , 
66850 , 0.0305 , 
66852 , 0.0288 , 
66853 , 0.0317 , 
66855 , 0.0310 , 
66857 , 0.0283 , 
66860 , 0.0303 , 
66861 , 0.0293 , 
66863 , 0.0356 , 
66865 , 0.0283 , 
66866 , 0.0308 , 
66868 , 0.0264 , 
66870 , 0.0276 , 
66872 , 0.0229 , 
66873 , 0.0264 , 
66875 , 0.0293 , 
66877 , 0.0295 , 
66879 , 0.0293 , 
66880 , 0.0234 , 
66882 , 0.0332 , 
66884 , 0.0286 , 
66885 , 0.0325 , 
66887 , 0.0308 , 
66889 , 0.0315 , 
66891 , 0.0281 , 
66892 , 0.0281 , 
66894 , 0.0317 , 
66896 , 0.0286 , 
66898 , 0.0256 , 
66899 , 0.0278 , 
66902 , 0.0298 , 
66904 , 0.0313 , 
66906 , 0.0303 , 
66907 , 0.0334 , 
66909 , 0.0295 , 
66911 , 0.0273 , 
66912 , 0.0288 , 
66914 , 0.0281 , 
66916 , 0.0247 , 
66918 , 0.0330 , 
66919 , 0.0291 , 
66921 , 0.0239 , 
66923 , 0.0315 , 
66925 , 0.0349 , 
66926 , 0.0300 , 
66928 , 0.0310 , 
66930 , 0.0259 , 
66931 , 0.0298 , 
66933 , 0.0239 , 
66935 , 0.0298 , 
66937 , 0.0381 , 
66938 , 0.0322 , 
66940 , 0.0303 , 
66942 , 0.0347 , 
66945 , 0.0327 , 
66946 , 0.0322 , 
66948 , 0.0264 , 
66950 , 0.0271 , 
66951 , 0.0200 , 
66953 , 0.0232 , 
66955 , 0.0337 , 
66957 , 0.0276 , 
66958 , 0.0405 , 
66960 , 0.0305 , 
66962 , 0.0349 , 
66964 , 0.0308 , 
66965 , 0.0264 , 
66967 , 0.0327 , 
66969 , 0.0305 , 
66970 , 0.0298 , 
66972 , 0.0264 , 
66974 , 0.0281 , 
66976 , 0.0200 , 
66977 , 0.0317 , 
66979 , 0.0269 , 
66981 , 0.0295 , 
66983 , 0.0334 , 
66984 , 0.0349 , 
66987 , 0.0276 , 
66989 , 0.0295 , 
66990 , 0.0286 , 
66992 , 0.0298 , 
66994 , 0.0298 , 
66996 , 0.0308 , 
66997 , 0.0313 , 
66999 , 0.0327 , 
67001 , 0.0298 , 
67003 , 0.0313 , 
67004 , 0.0291 , 
67006 , 0.0342 , 
67008 , 0.0281 , 
67009 , 0.0300 , 
67011 , 0.0315 , 
67013 , 0.0334 , 
67015 , 0.0303 , 
67016 , 0.0327 , 
67018 , 0.0198 , 
67020 , 0.0374 , 
67022 , 0.0327 , 
67023 , 0.0364 , 
67025 , 0.0325 , 
67027 , 0.0359 , 
67030 , 0.0369 , 
67031 , 0.0291 , 
67033 , 0.0273 , 
67035 , 0.0356 , 
67036 , 0.0354 , 
67038 , 0.0334 , 
67040 , 0.0308 , 
67042 , 0.0342 , 
67043 , 0.0327 , 
67045 , 0.0298 , 
67047 , 0.0325 , 
67049 , 0.0305 , 
67050 , 0.0242 , 
67052 , 0.0305 , 
67054 , 0.0313 , 
67055 , 0.0369 , 
67057 , 0.0352 , 
67059 , 0.0317 , 
67061 , 0.0393 , 
67062 , 0.0332 , 
67064 , 0.0339 , 
67066 , 0.0317 , 
67068 , 0.0256 , 
67069 , 0.0259 , 
67072 , 0.0310 , 
67074 , 0.0303 , 
67075 , 0.0300 , 
67077 , 0.0278 , 
67079 , 0.0374 , 
67081 , 0.0303 , 
67082 , 0.0254 , 
67084 , 0.0315 , 
67086 , 0.0320 , 
67088 , 0.0291 , 
67089 , 0.0303 , 
67091 , 0.0281 , 
67093 , 0.0261 , 
67094 , 0.0337 , 
67096 , 0.0330 , 
67098 , 0.0310 , 
67100 , 0.0295 , 
67101 , 0.0286 , 
67103 , 0.0310 , 
67105 , 0.0286 , 
67107 , 0.0259 , 
67108 , 0.0317 , 
67110 , 0.0315 , 
67112 , 0.0317 , 
67115 , 0.0291 , 
67116 , 0.0317 , 
67118 , 0.0344 , 
67120 , 0.0298 , 
67121 , 0.0271 , 
67123 , 0.0276 , 
67125 , 0.0305 , 
67127 , 0.0320 , 
67128 , 0.0281 , 
67130 , 0.0271 , 
67132 , 0.0325 , 
67134 , 0.0322 , 
67135 , 0.0298 , 
67137 , 0.0232 , 
67139 , 0.0278 , 
67140 , 0.0334 , 
67142 , 0.0305 , 
67144 , 0.0278 , 
67146 , 0.0247 , 
67147 , 0.0349 , 
67149 , 0.0388 , 
67151 , 0.0244 , 
67153 , 0.0278 , 
67154 , 0.0313 , 
67156 , 0.0269 , 
67159 , 0.0298 , 
67161 , 0.0291 , 
67162 , 0.0325 , 
67164 , 0.0249 , 
67166 , 0.0305 , 
67167 , 0.0281 , 
67169 , 0.0225 , 
67171 , 0.0322 , 
67173 , 0.0291 , 
67174 , 0.0339 , 
67176 , 0.0271 , 
67178 , 0.0344 , 
67180 , 0.0293 , 
67181 , 0.0244 , 
67183 , 0.0273 , 
67185 , 0.0234 , 
67186 , 0.0313 , 
67188 , 0.0303 , 
67190 , 0.0320 , 
67192 , 0.0278 , 
67193 , 0.0300 , 
67195 , 0.0308 , 
67197 , 0.0303 , 
67200 , 0.0269 , 
67201 , 0.0332 , 
67203 , 0.0369 , 
67205 , 0.0288 , 
67206 , 0.0261 , 
67208 , 0.0313 , 
67210 , 0.0293 , 
67212 , 0.0286 , 
67213 , 0.0291 , 
67215 , 0.0298 , 
67217 , 0.0239 , 
67219 , 0.0269 , 
67220 , 0.0278 , 
67222 , 0.0356 , 
67224 , 0.0295 , 
67226 , 0.0237 , 
67227 , 0.0315 , 
67229 , 0.0305 , 
67231 , 0.0259 , 
67232 , 0.0313 , 
67234 , 0.0278 , 
67236 , 0.0344 , 
67238 , 0.0256 , 
67239 , 0.0261 , 
67241 , 0.0315 , 
67244 , 0.0305 , 
67246 , 0.0313 , 
67247 , 0.0276 , 
67249 , 0.0298 , 
67251 , 0.0244 , 
67252 , 0.0239 , 
67254 , 0.0315 , 
67256 , 0.0325 , 
67258 , 0.0303 , 
67259 , 0.0320 , 
67261 , 0.0300 , 
67263 , 0.0303 , 
67265 , 0.0313 , 
67266 , 0.0320 , 
67268 , 0.0349 , 
67270 , 0.0300 , 
67271 , 0.0337 , 
67273 , 0.0352 , 
67275 , 0.0288 , 
67277 , 0.0322 , 
67278 , 0.0283 , 
67280 , 0.0298 , 
67282 , 0.0286 , 
67284 , 0.0349 , 
67286 , 0.0327 , 
67288 , 0.0278 , 
67290 , 0.0283 , 
67292 , 0.0364 , 
67293 , 0.0251 , 
67295 , 0.0347 , 
67297 , 0.0313 , 
67298 , 0.0288 , 
67300 , 0.0239 , 
67302 , 0.0349 , 
67304 , 0.0315 , 
67305 , 0.0295 , 
67307 , 0.0325 , 
67309 , 0.0315 , 
67311 , 0.0283 , 
67312 , 0.0349 , 
67314 , 0.0315 , 
67316 , 0.0295 , 
67317 , 0.0317 , 
67319 , 0.0293 , 
67321 , 0.0305 , 
67323 , 0.0291 , 
67324 , 0.0320 , 
67326 , 0.0325 , 
67329 , 0.0330 , 
67331 , 0.0317 , 
67332 , 0.0322 , 
67334 , 0.0342 , 
67336 , 0.0281 , 
67337 , 0.0310 , 
67339 , 0.0291 , 
67341 , 0.0332 , 
67343 , 0.0291 , 
67344 , 0.0271 , 
67346 , 0.0313 , 
67348 , 0.0286 , 
67350 , 0.0291 , 
67351 , 0.0251 , 
67353 , 0.0320 , 
67355 , 0.0237 , 
67357 , 0.0322 , 
67358 , 0.0239 , 
67360 , 0.0266 , 
67362 , 0.0264 , 
67363 , 0.0315 , 
67365 , 0.0342 , 
67367 , 0.0229 , 
67369 , 0.0244 , 
67371 , 0.0288 , 
67373 , 0.0332 , 
67375 , 0.0388 , 
67377 , 0.0295 , 
67378 , 0.0327 , 
67380 , 0.0347 , 
67382 , 0.0276 , 
67383 , 0.0337 , 
67385 , 0.0327 , 
67387 , 0.0344 , 
67389 , 0.0305 , 
67390 , 0.0332 , 
67392 , 0.0366 , 
67394 , 0.0339 , 
67396 , 0.0356 , 
67397 , 0.0322 , 
67399 , 0.0298 , 
67401 , 0.0344 , 
67402 , 0.0295 , 
67404 , 0.0308 , 
67406 , 0.0320 , 
67408 , 0.0303 , 
67409 , 0.0310 , 
67411 , 0.0334 , 
67414 , 0.0254 , 
67416 , 0.0288 , 
67417 , 0.0325 , 
67419 , 0.0349 , 
67421 , 0.0322 , 
67422 , 0.0264 , 
67424 , 0.0249 , 
67426 , 0.0242 , 
67428 , 0.0295 , 
67429 , 0.0349 , 
67431 , 0.0303 , 
67433 , 0.0281 , 
67435 , 0.0339 , 
67436 , 0.0320 , 
67438 , 0.0295 , 
67440 , 0.0264 , 
67441 , 0.0266 , 
67443 , 0.0266 , 
67445 , 0.0330 , 
67447 , 0.0293 , 
67448 , 0.0300 , 
67450 , 0.0278 , 
67452 , 0.0308 , 
67454 , 0.0332 , 
67456 , 0.0293 , 
67458 , 0.0339 , 
67460 , 0.0337 , 
67461 , 0.0344 , 
67463 , 0.0291 , 
67465 , 0.0293 , 
67467 , 0.0344 , 
67468 , 0.0334 , 
67470 , 0.0308 , 
67472 , 0.0322 , 
67474 , 0.0344 , 
67475 , 0.0315 , 
67477 , 0.0281 , 
67479 , 0.0249 , 
67480 , 0.0298 , 
67482 , 0.0327 , 
67484 , 0.0286 , 
67486 , 0.0269 , 
67487 , 0.0313 , 
67489 , 0.0381 , 
67491 , 0.0247 , 
67493 , 0.0313 , 
67494 , 0.0281 , 
67496 , 0.0330 , 
67499 , 0.0332 , 
67501 , 0.0334 , 
67502 , 0.0276 , 
67504 , 0.0325 , 
67506 , 0.0337 , 
67507 , 0.0332 , 
67509 , 0.0273 , 
67511 , 0.0256 , 
67513 , 0.0315 , 
67514 , 0.0339 , 
67516 , 0.0342 , 
67518 , 0.0322 , 
67520 , 0.0325 , 
67521 , 0.0339 , 
67523 , 0.0295 , 
67525 , 0.0266 , 
67527 , 0.0286 , 
67528 , 0.0378 , 
67530 , 0.0359 , 
67532 , 0.0344 , 
67533 , 0.0337 , 
67535 , 0.0293 , 
67537 , 0.0264 , 
67539 , 0.0313 , 
67540 , 0.0259 , 
67543 , 0.0339 , 
67545 , 0.0334 , 
67547 , 0.0288 , 
67548 , 0.0256 , 
67550 , 0.0339 , 
67552 , 0.0269 , 
67553 , 0.0249 , 
67555 , 0.0308 , 
67557 , 0.0305 , 
67559 , 0.0303 , 
67560 , 0.0276 , 
67562 , 0.0293 , 
67564 , 0.0310 , 
67566 , 0.0325 , 
67567 , 0.0349 , 
67569 , 0.0356 , 
67571 , 0.0325 , 
67572 , 0.0278 , 
67574 , 0.0413 , 
67576 , 0.0313 , 
67578 , 0.0317 , 
67579 , 0.0303 , 
67581 , 0.0269 , 
67584 , 0.0327 , 
67586 , 0.0337 , 
67587 , 0.0354 , 
67589 , 0.0256 , 
67591 , 0.0349 , 
67592 , 0.0332 , 
67594 , 0.0332 , 
67596 , 0.0374 , 
67598 , 0.0361 , 
67599 , 0.0315 , 
67601 , 0.0288 , 
67603 , 0.0276 , 
67605 , 0.0283 , 
67606 , 0.0295 , 
67608 , 0.0256 , 
67610 , 0.0293 , 
67612 , 0.0305 , 
67613 , 0.0308 , 
67615 , 0.0288 , 
67617 , 0.0305 , 
67618 , 0.0320 , 
67620 , 0.0286 , 
67622 , 0.0337 , 
67624 , 0.0354 , 
67625 , 0.0286 , 
67628 , 0.0305 , 
67630 , 0.0247 , 
67632 , 0.0271 , 
67633 , 0.0337 , 
67635 , 0.0298 , 
67637 , 0.0305 , 
67638 , 0.0325 , 
67640 , 0.0315 , 
67642 , 0.0344 , 
67644 , 0.0332 , 
67645 , 0.0339 , 
67647 , 0.0334 , 
67649 , 0.0315 , 
67651 , 0.0298 , 
67652 , 0.0308 , 
67654 , 0.0317 , 
67656 , 0.0286 , 
67657 , 0.0305 , 
67659 , 0.0273 , 
67661 , 0.0325 , 
67663 , 0.0288 , 
67664 , 0.0247 , 
67666 , 0.0330 , 
67668 , 0.0305 , 
67671 , 0.0286 , 
67672 , 0.0342 , 
67674 , 0.0298 , 
67676 , 0.0315 , 
67678 , 0.0298 , 
67679 , 0.0298 , 
67681 , 0.0303 , 
67683 , 0.0261 , 
67684 , 0.0278 , 
67686 , 0.0332 , 
67688 , 0.0334 , 
67690 , 0.0276 , 
67691 , 0.0276 , 
67693 , 0.0288 , 
67695 , 0.0251 , 
67697 , 0.0273 , 
67698 , 0.0347 , 
67700 , 0.0303 , 
67702 , 0.0298 , 
67703 , 0.0261 , 
67705 , 0.0283 , 
67707 , 0.0225 , 
67709 , 0.0303 , 
67710 , 0.0349 , 
67713 , 0.0295 , 
67715 , 0.0339 , 
67717 , 0.0347 , 
67718 , 0.0310 , 
67720 , 0.0229 , 
67722 , 0.0278 , 
67723 , 0.0298 , 
67725 , 0.0286 , 
67727 , 0.0281 , 
67729 , 0.0300 , 
67730 , 0.0376 , 
67732 , 0.0298 , 
67734 , 0.0266 , 
67736 , 0.0286 , 
67737 , 0.0315 , 
67739 , 0.0317 , 
67741 , 0.0276 , 
67742 , 0.0327 , 
67744 , 0.0334 , 
67746 , 0.0310 , 
67748 , 0.0276 , 
67749 , 0.0276 , 
67751 , 0.0344 , 
67753 , 0.0308 , 
67756 , 0.0273 , 
67757 , 0.0286 , 
67759 , 0.0308 , 
67761 , 0.0317 , 
67762 , 0.0278 , 
67764 , 0.0313 , 
67766 , 0.0291 , 
67768 , 0.0325 , 
67769 , 0.0347 , 
67771 , 0.0332 , 
67773 , 0.0305 , 
67775 , 0.0356 , 
67776 , 0.0359 , 
67778 , 0.0327 , 
67780 , 0.0291 , 
67782 , 0.0283 , 
67783 , 0.0283 , 
67785 , 0.0291 , 
67787 , 0.0239 , 
67788 , 0.0313 , 
67790 , 0.0278 , 
67792 , 0.0313 , 
67794 , 0.0322 , 
67795 , 0.0352 , 
67798 , 0.0286 , 
67800 , 0.0359 , 
67802 , 0.0264 , 
67803 , 0.0342 , 
67805 , 0.0320 , 
67807 , 0.0303 , 
67809 , 0.0313 , 
67810 , 0.0320 , 
67812 , 0.0325 , 
67814 , 0.0315 , 
67815 , 0.0298 , 
67817 , 0.0308 , 
67819 , 0.0303 , 
67821 , 0.0308 , 
67822 , 0.0332 , 
67824 , 0.0322 , 
67826 , 0.0291 , 
67828 , 0.0291 , 
67829 , 0.0308 , 
67831 , 0.0303 , 
67833 , 0.0288 , 
67834 , 0.0359 , 
67836 , 0.0349 , 
67838 , 0.0303 , 
67841 , 0.0317 , 
67842 , 0.0266 , 
67844 , 0.0322 , 
67846 , 0.0300 , 
67848 , 0.0315 , 
67849 , 0.0259 , 
67851 , 0.0339 , 
67853 , 0.0291 , 
67854 , 0.0310 , 
67856 , 0.0251 , 
67858 , 0.0327 , 
67860 , 0.0269 , 
67861 , 0.0281 , 
67863 , 0.0273 , 
67865 , 0.0371 , 
67867 , 0.0342 , 
67868 , 0.0322 , 
67870 , 0.0300 , 
67872 , 0.0305 , 
67873 , 0.0300 , 
67875 , 0.0288 , 
67877 , 0.0337 , 
67879 , 0.0305 , 
67880 , 0.0298 , 
67883 , 0.0300 , 
67885 , 0.0356 , 
67887 , 0.0276 , 
67888 , 0.0342 , 
67890 , 0.0330 , 
67892 , 0.0276 , 
67893 , 0.0374 , 
67895 , 0.0298 , 
67897 , 0.0313 , 
67899 , 0.0325 , 
67900 , 0.0288 , 
67902 , 0.0293 , 
67904 , 0.0286 , 
67906 , 0.0315 , 
67907 , 0.0308 , 
67909 , 0.0295 , 
67911 , 0.0266 , 
67913 , 0.0271 , 
67914 , 0.0337 , 
67916 , 0.0337 , 
67918 , 0.0264 , 
67919 , 0.0278 , 
67921 , 0.0308 , 
67923 , 0.0239 , 
67926 , 0.0249 , 
67927 , 0.0334 , 
67929 , 0.0281 , 
67931 , 0.0330 , 
67933 , 0.0278 , 
67934 , 0.0288 , 
67936 , 0.0339 , 
67938 , 0.0315 , 
67939 , 0.0298 , 
67941 , 0.0327 , 
67943 , 0.0264 , 
67945 , 0.0317 , 
67946 , 0.0315 , 
67948 , 0.0337 , 
67950 , 0.0254 , 
67952 , 0.0278 , 
67953 , 0.0288 , 
67955 , 0.0276 , 
67957 , 0.0310 , 
67958 , 0.0310 , 
67960 , 0.0325 , 
67962 , 0.0295 , 
67964 , 0.0339 , 
67965 , 0.0291 , 
67968 , 0.0313 , 
67970 , 0.0325 , 
67972 , 0.0283 , 
67973 , 0.0293 , 
67975 , 0.0293 , 
67977 , 0.0330 , 
67978 , 0.0286 , 
67980 , 0.0271 , 
67982 , 0.0317 , 
67984 , 0.0303 , 
67985 , 0.0276 , 
67987 , 0.0293 , 
67989 , 0.0295 , 
67991 , 0.0354 , 
67992 , 0.0327 , 
67994 , 0.0308 , 
67996 , 0.0300 , 
67997 , 0.0295 , 
67999 , 0.0342 , 
68001 , 0.0320 , 
68003 , 0.0334 , 
68004 , 0.0334 , 
68006 , 0.0288 , 
68008 , 0.0303 , 
68011 , 0.0242 , 
68012 , 0.0266 , 
68014 , 0.0269 , 
68016 , 0.0317 , 
68018 , 0.0310 , 
68019 , 0.0303 , 
68021 , 0.0298 , 
68023 , 0.0330 , 
68024 , 0.0271 , 
68026 , 0.0261 , 
68028 , 0.0308 , 
68030 , 0.0308 , 
68031 , 0.0271 , 
68033 , 0.0330 , 
68035 , 0.0313 , 
68037 , 0.0366 , 
68038 , 0.0317 , 
68040 , 0.0315 , 
68042 , 0.0286 , 
68043 , 0.0403 , 
68045 , 0.0310 , 
68047 , 0.0339 , 
68049 , 0.0322 , 
68050 , 0.0313 , 
68052 , 0.0242 , 
68055 , 0.0286 , 
68057 , 0.0342 , 
68058 , 0.0269 , 
68060 , 0.0283 , 
68062 , 0.0325 , 
68063 , 0.0320 , 
68065 , 0.0320 , 
68067 , 0.0313 , 
68069 , 0.0298 , 
68070 , 0.0269 , 
68072 , 0.0344 , 
68074 , 0.0286 , 
68076 , 0.0305 , 
68077 , 0.0308 , 
68079 , 0.0293 , 
68081 , 0.0305 , 
68082 , 0.0303 , 
68084 , 0.0300 , 
68086 , 0.0322 , 
68088 , 0.0298 , 
68089 , 0.0325 , 
68091 , 0.0396 , 
68093 , 0.0352 , 
68096 , 0.0286 , 
68097 , 0.0320 , 
68099 , 0.0269 , 
68101 , 0.0339 , 
68102 , 0.0269 , 
68104 , 0.0352 , 
68106 , 0.0317 , 
68108 , 0.0327 , 
68109 , 0.0339 , 
68111 , 0.0322 , 
68113 , 0.0378 , 
68115 , 0.0269 , 
68116 , 0.0322 , 
68118 , 0.0298 , 
68120 , 0.0317 , 
68122 , 0.0271 , 
68123 , 0.0313 , 
68125 , 0.0371 , 
68127 , 0.0317 , 
68128 , 0.0354 , 
68130 , 0.0278 , 
68132 , 0.0293 , 
68134 , 0.0308 , 
68135 , 0.0276 , 
68137 , 0.0349 , 
68140 , 0.0339 , 
68142 , 0.0298 , 
68143 , 0.0310 , 
68145 , 0.0325 , 
68147 , 0.0313 , 
68148 , 0.0364 , 
68150 , 0.0308 , 
68152 , 0.0305 , 
68154 , 0.0364 , 
68155 , 0.0327 , 
68157 , 0.0315 , 
68159 , 0.0271 , 
68161 , 0.0313 , 
68162 , 0.0305 , 
68164 , 0.0303 , 
68166 , 0.0229 , 
68168 , 0.0339 , 
68169 , 0.0269 , 
68171 , 0.0347 , 
68173 , 0.0320 , 
68174 , 0.0327 , 
68176 , 0.0276 , 
68178 , 0.0298 , 
68180 , 0.0293 , 
68182 , 0.0295 , 
68184 , 0.0315 , 
68186 , 0.0295 , 
68188 , 0.0242 , 
68189 , 0.0315 , 
68191 , 0.0356 , 
68193 , 0.0283 , 
68194 , 0.0337 , 
68196 , 0.0369 , 
68198 , 0.0327 , 
68200 , 0.0256 , 
68201 , 0.0266 , 
68203 , 0.0251 , 
68205 , 0.0288 , 
68207 , 0.0288 , 
68208 , 0.0359 , 
68210 , 0.0369 , 
68212 , 0.0369 , 
68213 , 0.0286 , 
68215 , 0.0308 , 
68217 , 0.0286 , 
68219 , 0.0298 , 
68220 , 0.0278 , 
68222 , 0.0298 , 
68225 , 0.0271 , 
68227 , 0.0376 , 
68228 , 0.0259 , 
68230 , 0.0315 , 
68232 , 0.0364 , 
68233 , 0.0266 , 
68235 , 0.0261 , 
68237 , 0.0315 , 
68239 , 0.0322 , 
68240 , 0.0303 , 
68242 , 0.0276 , 
68244 , 0.0293 , 
68246 , 0.0334 , 
68247 , 0.0344 , 
68249 , 0.0254 , 
68251 , 0.0256 , 
68252 , 0.0337 , 
68254 , 0.0305 , 
68256 , 0.0225 , 
68258 , 0.0244 , 
68259 , 0.0232 , 
68261 , 0.0291 , 
68263 , 0.0271 , 
68265 , 0.0303 , 
68267 , 0.0298 , 
68269 , 0.0286 , 
68271 , 0.0330 , 
68273 , 0.0391 , 
68274 , 0.0281 , 
68276 , 0.0256 , 
68278 , 0.0264 , 
68279 , 0.0278 , 
68281 , 0.0339 , 
68283 , 0.0266 , 
68285 , 0.0325 , 
68286 , 0.0342 , 
68288 , 0.0364 , 
68290 , 0.0298 , 
68292 , 0.0337 , 
68293 , 0.0327 , 
68295 , 0.0369 , 
68297 , 0.0317 , 
68298 , 0.0229 , 
68300 , 0.0347 , 
68302 , 0.0293 , 
68304 , 0.0283 , 
68305 , 0.0286 , 
68307 , 0.0356 , 
68310 , 0.0310 , 
68312 , 0.0300 , 
68313 , 0.0322 , 
68315 , 0.0325 , 
68317 , 0.0313 , 
68318 , 0.0308 , 
68320 , 0.0303 , 
68322 , 0.0266 , 
68324 , 0.0359 , 
68325 , 0.0383 , 
68327 , 0.0293 , 
68329 , 0.0281 , 
68331 , 0.0315 , 
68332 , 0.0303 , 
68334 , 0.0254 , 
68336 , 0.0288 , 
68337 , 0.0305 , 
68339 , 0.0405 , 
68341 , 0.0315 , 
68343 , 0.0295 , 
68344 , 0.0325 , 
68346 , 0.0295 , 
68348 , 0.0266 , 
68350 , 0.0283 , 
68352 , 0.0295 , 
68354 , 0.0325 , 
68356 , 0.0330 , 
68357 , 0.0273 , 
68359 , 0.0317 , 
68361 , 0.0300 , 
68363 , 0.0354 , 
68364 , 0.0315 , 
68366 , 0.0354 , 
68368 , 0.0317 , 
68370 , 0.0308 , 
68371 , 0.0295 , 
68373 , 0.0313 , 
68375 , 0.0256 , 
68377 , 0.0305 , 
68378 , 0.0305 , 
68380 , 0.0310 , 
68382 , 0.0310 , 
68383 , 0.0273 , 
68385 , 0.0320 , 
68387 , 0.0295 , 
68389 , 0.0273 , 
68390 , 0.0347 , 
68392 , 0.0352 , 
68395 , 0.0261 , 
68396 , 0.0283 , 
68398 , 0.0305 , 
68400 , 0.0325 , 
68402 , 0.0308 , 
68403 , 0.0295 , 
68405 , 0.0313 , 
68407 , 0.0283 , 
68409 , 0.0293 , 
68410 , 0.0315 , 
68412 , 0.0283 , 
68414 , 0.0281 , 
68416 , 0.0293 , 
68417 , 0.0315 , 
68419 , 0.0283 , 
68421 , 0.0300 , 
68422 , 0.0298 , 
68424 , 0.0281 , 
68426 , 0.0269 , 
68428 , 0.0305 , 
68429 , 0.0347 , 
68431 , 0.0303 , 
68433 , 0.0298 , 
68435 , 0.0305 , 
68436 , 0.0330 , 
68439 , 0.0337 , 
68441 , 0.0291 , 
68442 , 0.0264 , 
68444 , 0.0283 , 
68446 , 0.0278 , 
68448 , 0.0293 , 
68449 , 0.0315 , 
68451 , 0.0293 , 
68453 , 0.0310 , 
68455 , 0.0288 , 
68456 , 0.0278 , 
68458 , 0.0286 , 
68460 , 0.0281 , 
68461 , 0.0313 , 
68463 , 0.0264 , 
68465 , 0.0334 , 
68467 , 0.0337 , 
68468 , 0.0342 , 
68470 , 0.0266 , 
68472 , 0.0244 , 
68474 , 0.0308 , 
68475 , 0.0303 , 
68477 , 0.0264 , 
68480 , 0.0315 , 
68481 , 0.0339 , 
68483 , 0.0293 , 
68485 , 0.0281 , 
68487 , 0.0242 , 
68488 , 0.0293 , 
68490 , 0.0371 , 
68492 , 0.0298 , 
68494 , 0.0269 , 
68495 , 0.0281 , 
68497 , 0.0305 , 
68499 , 0.0298 , 
68500 , 0.0334 , 
68502 , 0.0281 , 
68504 , 0.0283 , 
68506 , 0.0325 , 
68507 , 0.0322 , 
68509 , 0.0356 , 
68511 , 0.0354 , 
68513 , 0.0332 , 
68514 , 0.0295 , 
68516 , 0.0264 , 
68518 , 0.0313 , 
68519 , 0.0286 , 
68521 , 0.0303 , 
68524 , 0.0364 , 
68526 , 0.0310 , 
68527 , 0.0295 , 
68529 , 0.0295 , 
68531 , 0.0278 , 
68533 , 0.0276 , 
68534 , 0.0271 , 
68536 , 0.0393 , 
68538 , 0.0325 , 
68539 , 0.0305 , 
68541 , 0.0298 , 
68543 , 0.0313 , 
68545 , 0.0347 , 
68546 , 0.0317 , 
68548 , 0.0295 , 
68550 , 0.0327 , 
68552 , 0.0313 , 
68553 , 0.0261 , 
68555 , 0.0273 , 
68557 , 0.0342 , 
68559 , 0.0288 , 
68560 , 0.0317 , 
68562 , 0.0300 , 
68564 , 0.0259 , 
68566 , 0.0256 , 
68568 , 0.0273 , 
68570 , 0.0288 , 
68572 , 0.0322 , 
68573 , 0.0327 , 
68575 , 0.0283 , 
68577 , 0.0237 , 
68579 , 0.0261 , 
68580 , 0.0286 , 
68582 , 0.0298 , 
68584 , 0.0281 , 
68585 , 0.0325 , 
68587 , 0.0283 , 
68589 , 0.0283 , 
68591 , 0.0286 , 
68592 , 0.0300 , 
68594 , 0.0315 , 
68596 , 0.0286 , 
68598 , 0.0291 , 
68599 , 0.0308 , 
68601 , 0.0293 , 
68603 , 0.0276 , 
68605 , 0.0317 , 
68606 , 0.0271 , 
68609 , 0.0291 , 
68611 , 0.0334 , 
68612 , 0.0342 , 
68614 , 0.0298 , 
68616 , 0.0286 , 
68618 , 0.0278 , 
68619 , 0.0291 , 
68621 , 0.0374 , 
68623 , 0.0313 , 
68625 , 0.0322 , 
68626 , 0.0337 , 
68628 , 0.0325 , 
68630 , 0.0334 , 
68631 , 0.0315 , 
68633 , 0.0317 , 
68635 , 0.0308 , 
68637 , 0.0269 , 
68638 , 0.0315 , 
68640 , 0.0303 , 
68642 , 0.0334 , 
68644 , 0.0305 , 
68645 , 0.0354 , 
68647 , 0.0278 , 
68649 , 0.0327 , 
68652 , 0.0381 , 
68653 , 0.0325 , 
68655 , 0.0327 , 
68657 , 0.0305 , 
68658 , 0.0254 , 
68660 , 0.0249 , 
68662 , 0.0308 , 
68664 , 0.0352 , 
68665 , 0.0371 , 
68667 , 0.0325 , 
68669 , 0.0354 , 
68671 , 0.0298 , 
68672 , 0.0334 , 
68674 , 0.0352 , 
68676 , 0.0266 , 
68677 , 0.0334 , 
68679 , 0.0325 , 
68681 , 0.0337 , 
68683 , 0.0256 , 
68684 , 0.0298 , 
68686 , 0.0339 , 
68688 , 0.0359 , 
68690 , 0.0261 , 
68691 , 0.0293 , 
68694 , 0.0288 , 
68696 , 0.0305 , 
68698 , 0.0310 , 
68699 , 0.0354 , 
68701 , 0.0325 , 
68703 , 0.0303 , 
68704 , 0.0308 , 
68706 , 0.0256 , 
68708 , 0.0291 , 
68710 , 0.0313 , 
68711 , 0.0303 , 
68713 , 0.0313 , 
68715 , 0.0325 , 
68717 , 0.0254 , 
68718 , 0.0371 , 
68720 , 0.0291 , 
68722 , 0.0332 , 
68723 , 0.0281 , 
68725 , 0.0332 , 
68727 , 0.0317 , 
68729 , 0.0342 , 
68730 , 0.0337 , 
68732 , 0.0303 , 
68734 , 0.0330 , 
68737 , 0.0283 , 
68738 , 0.0298 , 
68740 , 0.0344 , 
68742 , 0.0322 , 
68744 , 0.0269 , 
68745 , 0.0347 , 
68747 , 0.0266 , 
68749 , 0.0330 , 
68750 , 0.0342 , 
68752 , 0.0278 , 
68754 , 0.0344 , 
68756 , 0.0295 , 
68757 , 0.0278 , 
68759 , 0.0283 , 
68761 , 0.0300 , 
68763 , 0.0303 , 
68764 , 0.0276 , 
68766 , 0.0295 , 
68768 , 0.0315 , 
68769 , 0.0273 , 
68771 , 0.0327 , 
68773 , 0.0293 , 
68775 , 0.0269 , 
68776 , 0.0317 , 
68779 , 0.0276 , 
68781 , 0.0325 , 
68783 , 0.0273 , 
68784 , 0.0320 , 
68786 , 0.0305 , 
68788 , 0.0332 , 
68789 , 0.0293 , 
68791 , 0.0273 , 
68793 , 0.0381 , 
68795 , 0.0364 , 
68796 , 0.0327 , 
68798 , 0.0281 , 
68800 , 0.0330 , 
68802 , 0.0347 , 
68803 , 0.0374 , 
68805 , 0.0239 , 
68807 , 0.0322 , 
68808 , 0.0283 , 
68810 , 0.0344 , 
68812 , 0.0310 , 
68814 , 0.0225 , 
68815 , 0.0310 , 
68817 , 0.0310 , 
68819 , 0.0320 , 
68822 , 0.0293 , 
68823 , 0.0303 , 
68825 , 0.0310 , 
68827 , 0.0313 , 
68828 , 0.0369 , 
68830 , 0.0295 , 
68832 , 0.0293 , 
68834 , 0.0298 , 
68835 , 0.0261 , 
68837 , 0.0300 , 
68839 , 0.0337 , 
68841 , 0.0308 , 
68842 , 0.0276 , 
68844 , 0.0303 , 
68846 , 0.0330 , 
68847 , 0.0330 , 
68849 , 0.0271 , 
68851 , 0.0342 , 
68853 , 0.0305 , 
68854 , 0.0291 , 
68856 , 0.0276 , 
68858 , 0.0256 , 
68860 , 0.0276 , 
68861 , 0.0349 , 
68864 , 0.0342 , 
68866 , 0.0364 , 
68867 , 0.0334 , 
68869 , 0.0244 , 
68871 , 0.0281 , 
68873 , 0.0327 , 
68874 , 0.0276 , 
68876 , 0.0293 , 
68878 , 0.0271 , 
68880 , 0.0313 , 
68881 , 0.0261 , 
68883 , 0.0332 , 
68885 , 0.0291 , 
68887 , 0.0330 , 
68888 , 0.0220 , 
68890 , 0.0300 , 
68892 , 0.0293 , 
68893 , 0.0273 , 
68895 , 0.0286 , 
68897 , 0.0281 , 
68899 , 0.0261 , 
68900 , 0.0303 , 
68902 , 0.0281 , 
68904 , 0.0322 , 
68907 , 0.0295 , 
68908 , 0.0276 , 
68910 , 0.0281 , 
68912 , 0.0342 , 
68913 , 0.0278 , 
68915 , 0.0298 , 
68917 , 0.0308 , 
68919 , 0.0327 , 
68920 , 0.0317 , 
68922 , 0.0303 , 
68924 , 0.0298 , 
68926 , 0.0325 , 
68927 , 0.0291 , 
68929 , 0.0320 , 
68931 , 0.0281 , 
68932 , 0.0339 , 
68934 , 0.0291 , 
68936 , 0.0283 , 
68938 , 0.0244 , 
68939 , 0.0361 , 
68941 , 0.0376 , 
68943 , 0.0273 , 
68945 , 0.0276 , 
68946 , 0.0320 , 
68948 , 0.0354 , 
68951 , 0.0305 , 
68952 , 0.0298 , 
68954 , 0.0273 , 
68956 , 0.0298 , 
68958 , 0.0315 , 
68959 , 0.0332 , 
68961 , 0.0300 , 
68963 , 0.0264 , 
68965 , 0.0251 , 
68966 , 0.0293 , 
68968 , 0.0278 , 
68970 , 0.0305 , 
68971 , 0.0339 , 
68973 , 0.0305 , 
68975 , 0.0327 , 
68977 , 0.0295 , 
68978 , 0.0293 , 
68980 , 0.0283 , 
68982 , 0.0327 , 
68984 , 0.0344 , 
68985 , 0.0315 , 
68987 , 0.0271 , 
68989 , 0.0349 , 
68992 , 0.0315 , 
68993 , 0.0276 , 
68995 , 0.0244 , 
68997 , 0.0291 , 
68998 , 0.0313 , 
69000 , 0.0281 , 
69002 , 0.0359 , 
69004 , 0.0369 , 
69005 , 0.0347 , 
69007 , 0.0264 , 
69009 , 0.0286 , 
69011 , 0.0295 , 
69012 , 0.0300 , 
69014 , 0.0291 , 
69016 , 0.0291 , 
69017 , 0.0293 , 
69019 , 0.0305 , 
69021 , 0.0344 , 
69023 , 0.0269 , 
69024 , 0.0305 , 
69026 , 0.0325 , 
69028 , 0.0264 , 
69030 , 0.0305 , 
69031 , 0.0256 , 
69033 , 0.0269 , 
69036 , 0.0271 , 
69037 , 0.0271 , 
69039 , 0.0225 , 
69041 , 0.0276 , 
69043 , 0.0298 , 
69044 , 0.0342 , 
69046 , 0.0291 , 
69048 , 0.0295 , 
69050 , 0.0234 , 
69051 , 0.0320 , 
69053 , 0.0359 , 
69055 , 0.0298 , 
69056 , 0.0273 , 
69058 , 0.0339 , 
69060 , 0.0320 , 
69062 , 0.0298 , 
69063 , 0.0320 , 
69065 , 0.0339 , 
69067 , 0.0278 , 
69069 , 0.0334 , 
69070 , 0.0315 , 
69072 , 0.0376 , 
69074 , 0.0349 , 
69076 , 0.0339 , 
69078 , 0.0315 , 
69080 , 0.0291 , 
69082 , 0.0276 , 
69083 , 0.0293 , 
69085 , 0.0322 , 
69087 , 0.0327 , 
69089 , 0.0315 , 
69090 , 0.0276 , 
69092 , 0.0303 , 
69094 , 0.0266 , 
69096 , 0.0339 , 
69097 , 0.0291 , 
69099 , 0.0298 , 
69101 , 0.0283 , 
69103 , 0.0249 , 
69104 , 0.0342 , 
69106 , 0.0308 , 
69108 , 0.0303 , 
69109 , 0.0349 , 
69111 , 0.0313 , 
69113 , 0.0339 , 
69115 , 0.0308 , 
69116 , 0.0281 , 
69118 , 0.0313 , 
69121 , 0.0320 , 
69123 , 0.0271 , 
69124 , 0.0281 , 
69126 , 0.0244 , 
69128 , 0.0237 , 
69129 , 0.0298 , 
69131 , 0.0264 , 
69133 , 0.0293 , 
69135 , 0.0396 , 
69136 , 0.0349 , 
69138 , 0.0291 , 
69140 , 0.0286 , 
69142 , 0.0271 , 
69143 , 0.0271 , 
69145 , 0.0325 , 
69147 , 0.0334 , 
69148 , 0.0244 , 
69150 , 0.0317 , 
69152 , 0.0308 , 
69154 , 0.0286 , 
69155 , 0.0317 , 
69157 , 0.0288 , 
69159 , 0.0310 , 
69161 , 0.0298 , 
69163 , 0.0315 , 
69165 , 0.0261 , 
69167 , 0.0322 , 
69169 , 0.0283 , 
69170 , 0.0327 , 
69172 , 0.0283 , 
69174 , 0.0251 , 
69175 , 0.0308 , 
69177 , 0.0313 , 
69179 , 0.0310 , 
69181 , 0.0308 , 
69182 , 0.0308 , 
69184 , 0.0295 , 
69186 , 0.0359 , 
69188 , 0.0303 , 
69189 , 0.0205 , 
69191 , 0.0271 , 
69193 , 0.0293 , 
69194 , 0.0295 , 
69196 , 0.0251 , 
69198 , 0.0339 , 
69200 , 0.0317 , 
69201 , 0.0369 , 
69203 , 0.0293 , 
69206 , 0.0310 , 
69208 , 0.0303 , 
69209 , 0.0313 , 
69211 , 0.0286 , 
69213 , 0.0315 , 
69214 , 0.0364 , 
69216 , 0.0337 , 
69218 , 0.0247 , 
69220 , 0.0283 , 
69221 , 0.0295 , 
69223 , 0.0313 , 
69225 , 0.0234 , 
69227 , 0.0273 , 
69228 , 0.0259 , 
69230 , 0.0293 , 
69232 , 0.0359 , 
69233 , 0.0254 , 
69235 , 0.0286 , 
69237 , 0.0300 , 
69239 , 0.0295 , 
69240 , 0.0330 , 
69242 , 0.0366 , 
69244 , 0.0332 , 
69246 , 0.0334 , 
69248 , 0.0349 , 
69250 , 0.0298 , 
69252 , 0.0266 , 
69253 , 0.0276 , 
69255 , 0.0278 , 
69257 , 0.0291 , 
69259 , 0.0308 , 
69260 , 0.0310 , 
69262 , 0.0337 , 
69264 , 0.0273 , 
69266 , 0.0300 , 
69267 , 0.0283 , 
69269 , 0.0339 , 
69271 , 0.0251 , 
69272 , 0.0271 , 
69274 , 0.0276 , 
69276 , 0.0300 , 
69278 , 0.0317 , 
69279 , 0.0330 , 
69281 , 0.0266 , 
69283 , 0.0300 , 
69285 , 0.0320 , 
69286 , 0.0303 , 
69288 , 0.0339 , 
69291 , 0.0276 , 
69292 , 0.0278 , 
69294 , 0.0281 , 
69296 , 0.0308 , 
69298 , 0.0332 , 
69299 , 0.0256 , 
69301 , 0.0334 , 
69303 , 0.0352 , 
69305 , 0.0247 , 
69306 , 0.0332 , 
69308 , 0.0303 , 
69310 , 0.0300 , 
69312 , 0.0273 , 
69313 , 0.0317 , 
69315 , 0.0303 , 
69317 , 0.0325 , 
69318 , 0.0356 , 
69320 , 0.0305 , 
69322 , 0.0239 , 
69324 , 0.0320 , 
69325 , 0.0317 , 
69327 , 0.0273 , 
69329 , 0.0273 , 
69331 , 0.0303 , 
69332 , 0.0298 , 
69335 , 0.0322 , 
69337 , 0.0278 , 
69338 , 0.0334 , 
69340 , 0.0286 , 
69342 , 0.0305 , 
69344 , 0.0303 , 
69345 , 0.0310 , 
69347 , 0.0251 , 
69349 , 0.0313 , 
69351 , 0.0303 , 
69352 , 0.0295 , 
69354 , 0.0298 , 
69356 , 0.0293 , 
69357 , 0.0298 , 
69359 , 0.0300 , 
69361 , 0.0305 , 
69363 , 0.0315 , 
69364 , 0.0337 , 
69366 , 0.0325 , 
69368 , 0.0339 , 
69370 , 0.0327 , 
69371 , 0.0293 , 
69373 , 0.0337 , 
69376 , 0.0261 , 
69377 , 0.0247 , 
69379 , 0.0298 , 
69381 , 0.0308 , 
69383 , 0.0325 , 
69384 , 0.0295 , 
69386 , 0.0278 , 
69388 , 0.0295 , 
69390 , 0.0327 , 
69391 , 0.0393 , 
69393 , 0.0344 , 
69395 , 0.0322 , 
69396 , 0.0283 , 
69398 , 0.0310 , 
69400 , 0.0286 , 
69402 , 0.0266 , 
69403 , 0.0347 , 
69405 , 0.0347 , 
69407 , 0.0273 , 
69409 , 0.0298 , 
69410 , 0.0334 , 
69412 , 0.0369 , 
69414 , 0.0313 , 
69416 , 0.0322 , 
69417 , 0.0352 , 
69420 , 0.0317 , 
69422 , 0.0271 , 
69423 , 0.0283 , 
69425 , 0.0251 , 
69427 , 0.0383 , 
69429 , 0.0325 , 
69430 , 0.0308 , 
69432 , 0.0330 , 
69434 , 0.0334 , 
69436 , 0.0298 , 
69437 , 0.0339 , 
69439 , 0.0273 , 
69441 , 0.0303 , 
69442 , 0.0295 , 
69444 , 0.0305 , 
69446 , 0.0310 , 
69448 , 0.0322 , 
69449 , 0.0281 , 
69451 , 0.0356 , 
69453 , 0.0310 , 
69455 , 0.0308 , 
69456 , 0.0251 , 
69458 , 0.0295 , 
69460 , 0.0256 , 
69462 , 0.0364 , 
69464 , 0.0332 , 
69466 , 0.0320 , 
69468 , 0.0313 , 
69469 , 0.0283 , 
69471 , 0.0344 , 
69473 , 0.0298 , 
69475 , 0.0332 , 
69476 , 0.0320 , 
69478 , 0.0259 , 
69480 , 0.0300 , 
69482 , 0.0281 , 
69483 , 0.0303 , 
69485 , 0.0337 , 
69487 , 0.0244 , 
69488 , 0.0286 , 
69490 , 0.0266 , 
69492 , 0.0325 , 
69494 , 0.0286 , 
69495 , 0.0364 , 
69497 , 0.0332 , 
69499 , 0.0278 , 
69501 , 0.0310 , 
69502 , 0.0298 , 
69505 , 0.0276 , 
69507 , 0.0300 , 
69508 , 0.0281 , 
69510 , 0.0359 , 
69512 , 0.0322 , 
69514 , 0.0300 , 
69515 , 0.0251 , 
69517 , 0.0303 , 
69519 , 0.0325 , 
69521 , 0.0359 , 
69522 , 0.0261 , 
69524 , 0.0313 , 
69526 , 0.0342 , 
69527 , 0.0320 , 
69529 , 0.0308 , 
69531 , 0.0305 , 
69533 , 0.0269 , 
69534 , 0.0347 , 
69536 , 0.0281 , 
69538 , 0.0317 , 
69540 , 0.0317 , 
69541 , 0.0273 , 
69543 , 0.0310 , 
69545 , 0.0313 , 
69547 , 0.0300 , 
69549 , 0.0303 , 
69551 , 0.0269 , 
69553 , 0.0313 , 
69554 , 0.0308 , 
69556 , 0.0337 , 
69558 , 0.0295 , 
69560 , 0.0286 , 
69561 , 0.0281 , 
69563 , 0.0259 , 
69565 , 0.0278 , 
69566 , 0.0266 , 
69568 , 0.0347 , 
69570 , 0.0305 , 
69572 , 0.0305 , 
69573 , 0.0354 , 
69575 , 0.0325 , 
69577 , 0.0264 , 
69579 , 0.0278 , 
69580 , 0.0291 , 
69582 , 0.0361 , 
69584 , 0.0281 , 
69585 , 0.0298 , 
69587 , 0.0303 , 
69590 , 0.0271 , 
69592 , 0.0293 , 
69593 , 0.0325 , 
69595 , 0.0254 , 
69597 , 0.0293 , 
69599 , 0.0283 , 
69600 , 0.0281 , 
69602 , 0.0278 , 
69604 , 0.0393 , 
69606 , 0.0337 , 
69607 , 0.0347 , 
69609 , 0.0332 , 
69611 , 0.0378 , 
69612 , 0.0273 , 
69614 , 0.0276 , 
69616 , 0.0320 , 
69618 , 0.0327 , 
69619 , 0.0300 , 
69621 , 0.0273 , 
69623 , 0.0352 , 
69625 , 0.0295 , 
69626 , 0.0288 , 
69628 , 0.0317 , 
69630 , 0.0308 , 
69632 , 0.0310 , 
69634 , 0.0266 , 
69636 , 0.0251 , 
69638 , 0.0349 , 
69639 , 0.0281 , 
69641 , 0.0295 , 
69643 , 0.0344 , 
69645 , 0.0293 , 
69646 , 0.0332 , 
69648 , 0.0308 , 
69650 , 0.0325 , 
69651 , 0.0317 , 
69653 , 0.0310 , 
69655 , 0.0317 , 
69657 , 0.0386 , 
69658 , 0.0288 , 
69660 , 0.0303 , 
69662 , 0.0278 , 
69664 , 0.0281 , 
69665 , 0.0339 , 
69667 , 0.0330 , 
69669 , 0.0305 , 
69670 , 0.0376 , 
69672 , 0.0349 , 
69675 , 0.0330 , 
69677 , 0.0322 , 
69678 , 0.0334 , 
69680 , 0.0359 , 
69682 , 0.0315 , 
69684 , 0.0313 , 
69685 , 0.0383 , 
69687 , 0.0371 , 
69689 , 0.0300 , 
69691 , 0.0359 , 
69692 , 0.0339 , 
69694 , 0.0364 , 
69696 , 0.0320 , 
69697 , 0.0278 , 
69699 , 0.0310 , 
69701 , 0.0322 , 
69703 , 0.0291 , 
69704 , 0.0334 , 
69706 , 0.0325 , 
69708 , 0.0286 , 
69710 , 0.0305 , 
69711 , 0.0317 , 
69713 , 0.0271 , 
69715 , 0.0281 , 
69716 , 0.0313 , 
69719 , 0.0308 , 
69721 , 0.0339 , 
69723 , 0.0332 , 
69724 , 0.0291 , 
69726 , 0.0330 , 
69728 , 0.0295 , 
69730 , 0.0352 , 
69731 , 0.0356 , 
69733 , 0.0278 , 
69735 , 0.0273 , 
69736 , 0.0269 , 
69738 , 0.0281 , 
69740 , 0.0310 , 
69742 , 0.0276 , 
69743 , 0.0334 , 
69745 , 0.0273 , 
69747 , 0.0234 , 
69749 , 0.0283 , 
69750 , 0.0322 , 
69752 , 0.0308 , 
69754 , 0.0293 , 
69755 , 0.0320 , 
69757 , 0.0276 , 
69760 , 0.0288 , 
69762 , 0.0325 , 
69763 , 0.0317 , 
69765 , 0.0330 , 
69767 , 0.0330 , 
69769 , 0.0305 , 
69770 , 0.0317 , 
69772 , 0.0273 , 
69774 , 0.0283 , 
69776 , 0.0266 , 
69777 , 0.0327 , 
69779 , 0.0342 , 
69781 , 0.0349 , 
69782 , 0.0320 , 
69784 , 0.0276 , 
69786 , 0.0298 , 
69788 , 0.0330 , 
69789 , 0.0317 , 
69791 , 0.0291 , 
69793 , 0.0320 , 
69795 , 0.0317 , 
69796 , 0.0278 , 
69798 , 0.0310 , 
69800 , 0.0288 , 
69801 , 0.0303 , 
69804 , 0.0337 , 
69806 , 0.0354 , 
69808 , 0.0315 , 
69809 , 0.0320 , 
69811 , 0.0352 , 
69813 , 0.0286 , 
69815 , 0.0271 , 
69816 , 0.0273 , 
69818 , 0.0286 , 
69820 , 0.0283 , 
69821 , 0.0269 , 
69823 , 0.0249 , 
69825 , 0.0278 , 
69827 , 0.0339 , 
69828 , 0.0276 , 
69830 , 0.0308 , 
69832 , 0.0264 , 
69834 , 0.0239 , 
69835 , 0.0334 , 
69837 , 0.0325 , 
69839 , 0.0354 , 
69840 , 0.0349 , 
69842 , 0.0300 , 
69844 , 0.0308 , 
69847 , 0.0327 , 
69848 , 0.0271 , 
69850 , 0.0291 , 
69852 , 0.0366 , 
69854 , 0.0344 , 
69855 , 0.0298 , 
69857 , 0.0327 , 
69859 , 0.0303 , 
69860 , 0.0308 , 
69862 , 0.0273 , 
69864 , 0.0327 , 
69866 , 0.0308 , 
69867 , 0.0339 , 
69869 , 0.0288 , 
69871 , 0.0276 , 
69873 , 0.0281 , 
69874 , 0.0259 , 
69876 , 0.0303 , 
69878 , 0.0364 , 
69880 , 0.0293 , 
69881 , 0.0342 , 
69883 , 0.0327 , 
69885 , 0.0249 , 
69886 , 0.0286 , 
69889 , 0.0291 , 
69891 , 0.0286 , 
69893 , 0.0293 , 
69894 , 0.0347 , 
69896 , 0.0300 , 
69898 , 0.0283 , 
69900 , 0.0300 , 
69901 , 0.0303 , 
69903 , 0.0286 , 
69905 , 0.0288 , 
69906 , 0.0234 , 
69908 , 0.0317 , 
69910 , 0.0293 , 
69912 , 0.0244 , 
69913 , 0.0261 , 
69915 , 0.0342 , 
69917 , 0.0313 , 
69919 , 0.0295 , 
69920 , 0.0261 , 
69922 , 0.0273 , 
69924 , 0.0266 , 
69925 , 0.0322 , 
69927 , 0.0313 , 
69929 , 0.0334 , 
69932 , 0.0310 , 
69933 , 0.0308 , 
69935 , 0.0247 , 
69937 , 0.0254 , 
69939 , 0.0378 , 
69940 , 0.0261 , 
69942 , 0.0278 , 
69944 , 0.0364 , 
69945 , 0.0364 , 
69947 , 0.0305 , 
69949 , 0.0232 , 
69951 , 0.0271 , 
69952 , 0.0256 , 
69954 , 0.0291 , 
69956 , 0.0269 , 
69958 , 0.0278 , 
69959 , 0.0281 , 
69961 , 0.0305 , 
69963 , 0.0327 , 
69965 , 0.0366 , 
69966 , 0.0337 , 
69968 , 0.0281 , 
69970 , 0.0278 , 
69971 , 0.0320 , 
69974 , 0.0310 , 
69976 , 0.0325 , 
69978 , 0.0288 , 
69979 , 0.0261 , 
69981 , 0.0291 , 
69983 , 0.0237 , 
69985 , 0.0305 , 
69986 , 0.0276 , 
69988 , 0.0344 , 
69990 , 0.0342 , 
69991 , 0.0251 , 
69993 , 0.0305 , 
69995 , 0.0332 , 
69997 , 0.0337 , 
69998 , 0.0261 , 
70000 , 0.0305 , 
70002 , 0.0288 , 
70004 , 0.0339 , 
70005 , 0.0310 , 
70007 , 0.0293 , 
70009 , 0.0283 , 
70010 , 0.0261 , 
70012 , 0.0330 , 
70014 , 0.0334 , 
70017 , 0.0295 , 
70018 , 0.0295 , 
70020 , 0.0334 , 
70022 , 0.0305 , 
70024 , 0.0222 , 
70025 , 0.0232 , 
70027 , 0.0308 , 
70029 , 0.0295 , 
70030 , 0.0305 , 
70032 , 0.0281 , 
70034 , 0.0344 , 
70036 , 0.0310 , 
70037 , 0.0271 , 
70039 , 0.0332 , 
70041 , 0.0273 , 
70043 , 0.0249 , 
70044 , 0.0349 , 
70046 , 0.0295 , 
70048 , 0.0322 , 
70049 , 0.0303 , 
70051 , 0.0330 , 
70053 , 0.0313 , 
70055 , 0.0342 , 
70056 , 0.0313 , 
70059 , 0.0251 , 
70061 , 0.0281 , 
70063 , 0.0259 , 
70064 , 0.0313 , 
70066 , 0.0305 , 
70068 , 0.0310 , 
70070 , 0.0334 , 
70071 , 0.0317 , 
70073 , 0.0315 , 
70075 , 0.0308 , 
70076 , 0.0286 , 
70078 , 0.0313 , 
70080 , 0.0332 , 
70082 , 0.0356 , 
70083 , 0.0317 , 
70085 , 0.0261 , 
70087 , 0.0325 , 
70089 , 0.0273 , 
70090 , 0.0256 , 
70092 , 0.0295 , 
70094 , 0.0295 , 
70096 , 0.0317 , 
70097 , 0.0303 , 
70099 , 0.0232 , 
70102 , 0.0269 , 
70103 , 0.0281 , 
70105 , 0.0320 , 
70107 , 0.0320 , 
70109 , 0.0251 , 
70110 , 0.0295 , 
70112 , 0.0359 , 
70114 , 0.0291 , 
70116 , 0.0283 , 
70117 , 0.0332 , 
70119 , 0.0276 , 
70121 , 0.0308 , 
70122 , 0.0281 , 
70124 , 0.0308 , 
70126 , 0.0325 , 
70128 , 0.0237 , 
70129 , 0.0286 , 
70131 , 0.0305 , 
70133 , 0.0317 , 
70135 , 0.0300 , 
70136 , 0.0298 , 
70138 , 0.0303 , 
70140 , 0.0347 , 
70141 , 0.0278 , 
70144 , 0.0273 , 
70146 , 0.0288 , 
70148 , 0.0295 , 
70149 , 0.0388 , 
70151 , 0.0295 , 
70153 , 0.0288 , 
70155 , 0.0317 , 
70156 , 0.0281 , 
70158 , 0.0300 , 
70160 , 0.0337 , 
70162 , 0.0281 , 
70163 , 0.0325 , 
70165 , 0.0291 , 
70167 , 0.0310 , 
70168 , 0.0288 , 
70170 , 0.0317 , 
70172 , 0.0410 , 
70174 , 0.0391 , 
70175 , 0.0281 , 
70177 , 0.0320 , 
70179 , 0.0298 , 
70181 , 0.0295 , 
70182 , 0.0327 , 
70184 , 0.0344 , 
70187 , 0.0337 , 
70188 , 0.0322 , 
70190 , 0.0315 , 
70192 , 0.0305 , 
70194 , 0.0332 , 
70195 , 0.0239 , 
70197 , 0.0261 , 
70199 , 0.0303 , 
70201 , 0.0308 , 
70202 , 0.0337 , 
70204 , 0.0322 , 
70206 , 0.0298 , 
70208 , 0.0293 , 
70209 , 0.0249 , 
70211 , 0.0300 , 
70213 , 0.0244 , 
70214 , 0.0332 , 
70216 , 0.0256 , 
70218 , 0.0293 , 
70220 , 0.0266 , 
70221 , 0.0271 , 
70223 , 0.0352 , 
70225 , 0.0376 , 
70227 , 0.0344 , 
70228 , 0.0320 , 
70231 , 0.0281 , 
70233 , 0.0278 , 
70234 , 0.0261 , 
70236 , 0.0298 , 
70238 , 0.0271 , 
70240 , 0.0247 , 
70241 , 0.0276 , 
70243 , 0.0291 , 
70245 , 0.0303 , 
70247 , 0.0278 , 
70248 , 0.0288 , 
70250 , 0.0303 , 
70252 , 0.0325 , 
70253 , 0.0315 , 
70255 , 0.0298 , 
70257 , 0.0364 , 
70259 , 0.0334 , 
70260 , 0.0298 , 
70262 , 0.0303 , 
70264 , 0.0337 , 
70266 , 0.0278 , 
70267 , 0.0295 , 
70269 , 0.0332 , 
70272 , 0.0364 , 
70274 , 0.0325 , 
70275 , 0.0251 , 
70277 , 0.0317 , 
70279 , 0.0295 , 
70280 , 0.0303 , 
70282 , 0.0278 , 
70284 , 0.0310 , 
70286 , 0.0278 , 
70287 , 0.0308 , 
70289 , 0.0269 , 
70291 , 0.0352 , 
70293 , 0.0356 , 
70294 , 0.0295 , 
70296 , 0.0273 , 
70298 , 0.0317 , 
70299 , 0.0286 , 
70301 , 0.0339 , 
70303 , 0.0288 , 
70305 , 0.0266 , 
70306 , 0.0305 , 
70308 , 0.0347 , 
70310 , 0.0249 , 
70312 , 0.0315 , 
70313 , 0.0317 , 
70316 , 0.0337 , 
70318 , 0.0286 , 
70319 , 0.0261 , 
70321 , 0.0366 , 
70323 , 0.0347 , 
70325 , 0.0352 , 
70326 , 0.0264 , 
70328 , 0.0266 , 
70330 , 0.0298 , 
70332 , 0.0234 , 
70333 , 0.0273 , 
70335 , 0.0295 , 
70337 , 0.0298 , 
70339 , 0.0342 , 
70340 , 0.0264 , 
70342 , 0.0298 , 
70344 , 0.0317 , 
70345 , 0.0317 , 
70347 , 0.0339 , 
70349 , 0.0239 , 
70351 , 0.0278 , 
70352 , 0.0317 , 
70354 , 0.0315 , 
70356 , 0.0320 , 
70359 , 0.0347 , 
70360 , 0.0295 , 
70362 , 0.0330 , 
70364 , 0.0317 , 
70365 , 0.0283 , 
70367 , 0.0283 , 
70369 , 0.0293 , 
70371 , 0.0332 , 
70372 , 0.0344 , 
70374 , 0.0317 , 
70376 , 0.0269 , 
70378 , 0.0254 , 
70379 , 0.0317 , 
70381 , 0.0320 , 
70383 , 0.0354 , 
70385 , 0.0286 , 
70386 , 0.0359 , 
70388 , 0.0322 , 
70390 , 0.0291 , 
70391 , 0.0291 , 
70393 , 0.0283 , 
70395 , 0.0266 , 
70397 , 0.0232 , 
70398 , 0.0315 , 
70401 , 0.0317 , 
70403 , 0.0278 , 
70405 , 0.0354 , 
70406 , 0.0300 , 
70408 , 0.0283 , 
70410 , 0.0308 , 
70411 , 0.0320 , 
70413 , 0.0303 , 
70415 , 0.0381 , 
70417 , 0.0320 , 
70418 , 0.0327 , 
70420 , 0.0310 , 
70422 , 0.0281 , 
70424 , 0.0295 , 
70425 , 0.0291 , 
70427 , 0.0339 , 
70429 , 0.0291 , 
70430 , 0.0266 , 
70432 , 0.0269 , 
70434 , 0.0332 , 
70436 , 0.0347 , 
70437 , 0.0327 , 
70439 , 0.0281 , 
70441 , 0.0273 , 
70444 , 0.0261 , 
70445 , 0.0244 , 
70447 , 0.0332 , 
70449 , 0.0315 , 
70450 , 0.0247 , 
70452 , 0.0283 , 
70454 , 0.0310 , 
70456 , 0.0266 , 
70457 , 0.0283 , 
70459 , 0.0303 , 
70461 , 0.0291 , 
70463 , 0.0251 , 
70464 , 0.0308 , 
70466 , 0.0313 , 
70468 , 0.0303 , 
70470 , 0.0344 , 
70471 , 0.0317 , 
70473 , 0.0264 , 
70475 , 0.0281 , 
70476 , 0.0315 , 
70478 , 0.0315 , 
70480 , 0.0303 , 
70482 , 0.0303 , 
70483 , 0.0349 , 
70486 , 0.0269 , 
70488 , 0.0374 , 
70490 , 0.0339 , 
70491 , 0.0259 , 
70493 , 0.0300 , 
70495 , 0.0291 , 
70496 , 0.0300 , 
70498 , 0.0283 , 
70500 , 0.0234 , 
70502 , 0.0298 , 
70503 , 0.0305 , 
70505 , 0.0334 , 
70507 , 0.0339 , 
70509 , 0.0325 , 
70510 , 0.0310 , 
70512 , 0.0317 , 
70514 , 0.0317 , 
70515 , 0.0281 , 
70517 , 0.0254 , 
70519 , 0.0239 , 
70521 , 0.0330 , 
70522 , 0.0278 , 
70524 , 0.0332 , 
70526 , 0.0283 , 
70529 , 0.0295 , 
70530 , 0.0352 , 
70532 , 0.0325 , 
70534 , 0.0291 , 
70535 , 0.0288 , 
70537 , 0.0273 , 
70539 , 0.0298 , 
70541 , 0.0334 , 
70542 , 0.0361 , 
70544 , 0.0354 , 
70546 , 0.0334 , 
70548 , 0.0308 , 
70549 , 0.0332 , 
70551 , 0.0293 , 
70553 , 0.0339 , 
70554 , 0.0286 , 
70556 , 0.0325 , 
70558 , 0.0266 , 
70560 , 0.0244 , 
70561 , 0.0344 , 
70563 , 0.0349 , 
70565 , 0.0322 , 
70567 , 0.0271 , 
70568 , 0.0327 , 
70571 , 0.0337 , 
70573 , 0.0332 , 
70574 , 0.0273 , 
70576 , 0.0313 , 
70578 , 0.0325 , 
70580 , 0.0295 , 
70581 , 0.0288 , 
70583 , 0.0261 , 
70585 , 0.0288 , 
70587 , 0.0254 , 
70588 , 0.0256 , 
70590 , 0.0352 , 
70592 , 0.0305 , 
70594 , 0.0349 , 
70595 , 0.0308 , 
70597 , 0.0310 , 
70599 , 0.0293 , 
70600 , 0.0339 , 
70602 , 0.0305 , 
70604 , 0.0310 , 
70606 , 0.0317 , 
70607 , 0.0313 , 
70609 , 0.0281 , 
70611 , 0.0283 , 
70614 , 0.0327 , 
70615 , 0.0269 , 
70617 , 0.0322 , 
70619 , 0.0327 , 
70620 , 0.0298 , 
70622 , 0.0266 , 
70624 , 0.0308 , 
70626 , 0.0349 , 
70627 , 0.0320 , 
70629 , 0.0283 , 
70631 , 0.0286 , 
70633 , 0.0359 , 
70634 , 0.0313 , 
70636 , 0.0278 , 
70638 , 0.0256 , 
70640 , 0.0293 , 
70641 , 0.0327 , 
70643 , 0.0315 , 
70645 , 0.0330 , 
70646 , 0.0320 , 
70648 , 0.0266 , 
70650 , 0.0322 , 
70652 , 0.0310 , 
70653 , 0.0334 , 
70656 , 0.0286 , 
70658 , 0.0295 , 
70660 , 0.0339 , 
70661 , 0.0286 , 
70663 , 0.0303 , 
70665 , 0.0264 , 
70666 , 0.0374 , 
70668 , 0.0305 , 
70670 , 0.0283 , 
70672 , 0.0295 , 
70673 , 0.0286 , 
70675 , 0.0303 , 
70677 , 0.0254 , 
70679 , 0.0298 , 
70680 , 0.0239 , 
70682 , 0.0344 , 
70684 , 0.0271 , 
70685 , 0.0281 , 
70687 , 0.0317 , 
70689 , 0.0308 , 
70691 , 0.0247 , 
70692 , 0.0342 , 
70694 , 0.0300 , 
70696 , 0.0259 , 
70699 , 0.0276 , 
70700 , 0.0317 , 
70702 , 0.0349 , 
70704 , 0.0334 , 
70705 , 0.0339 , 
70707 , 0.0313 , 
70709 , 0.0339 , 
70711 , 0.0291 , 
70712 , 0.0369 , 
70714 , 0.0383 , 
70716 , 0.0278 , 
70718 , 0.0293 , 
70719 , 0.0288 , 
70721 , 0.0327 , 
70723 , 0.0271 , 
70725 , 0.0273 , 
70726 , 0.0330 , 
70728 , 0.0339 , 
70730 , 0.0342 , 
70731 , 0.0325 , 
70733 , 0.0305 , 
70735 , 0.0310 , 
70737 , 0.0320 , 
70738 , 0.0266 , 
70740 , 0.0298 , 
70743 , 0.0286 , 
70745 , 0.0276 , 
70746 , 0.0291 , 
70748 , 0.0234 , 
70750 , 0.0266 , 
70752 , 0.0364 , 
70753 , 0.0315 , 
70755 , 0.0286 , 
70757 , 0.0315 , 
70758 , 0.0264 , 
70760 , 0.0261 , 
70762 , 0.0291 , 
70764 , 0.0310 , 
70765 , 0.0288 , 
70767 , 0.0359 , 
70769 , 0.0359 , 
70771 , 0.0381 , 
70772 , 0.0315 , 
70774 , 0.0242 , 
70776 , 0.0381 , 
70777 , 0.0281 , 
70779 , 0.0310 , 
70781 , 0.0222 , 
70784 , 0.0288 , 
70785 , 0.0381 , 
70787 , 0.0330 , 
70789 , 0.0317 , 
70791 , 0.0283 , 
70792 , 0.0347 , 
70794 , 0.0310 , 
70796 , 0.0247 , 
70797 , 0.0308 , 
70799 , 0.0293 , 
70801 , 0.0303 , 
70803 , 0.0244 , 
70804 , 0.0332 , 
70806 , 0.0352 , 
70808 , 0.0300 , 
70810 , 0.0300 , 
70811 , 0.0298 , 
70813 , 0.0256 , 
70815 , 0.0273 , 
70816 , 0.0247 , 
70818 , 0.0278 , 
70820 , 0.0339 , 
70822 , -0.0278 , 
70823 , 0.5544 , 
70825 , 0.5283 , 
70828 , -1.8970 , 
70830 , -0.4636 , 
70831 , 0.6116 , 
70833 , 1.0278 , 
70835 , 0.4995 , 
70837 , 0.4495 , 
70838 , -0.5278 , 
70840 , -0.4580 , 
70842 , -0.3938 , 
70844 , 0.1658 , 
70845 , -0.2339 , 
70847 , 0.1436 , 
70849 , -0.1836 , 
70851 , 0.1851 , 
70852 , 0.2827 , 
70854 , 0.1516 , 
70856 , -0.1475 , 
70857 , 0.1169 , 
70859 , -0.0864 , 
70861 , 0.2603 , 
70863 , -0.2598 , 
70864 , 0.1626 , 
70866 , 0.1055 , 
70868 , 0.0884 , 
70871 , 0.1536 , 
70872 , 0.1331 , 
70874 , -0.1790 , 
70876 , -0.3206 , 
70878 , 0.0886 , 
70879 , 0.1023 , 
70881 , 0.1614 , 
70883 , -0.0750 , 
70884 , 0.0266 , 
70886 , -0.0183 , 
70888 , 0.0381 , 
70890 , 0.0232 , 
70891 , 0.1982 , 
70893 , 0.1826 , 
70895 , 0.0344 , 
70897 , 0.0383 , 
70898 , -0.0264 , 
70900 , -0.0598 , 
70902 , -0.1038 , 
70904 , -0.0007 , 
70905 , 0.0413 , 
70907 , 0.1965 , 
70909 , 0.1543 , 
70910 , 0.1069 , 
70913 , 0.0098 , 
70915 , -0.1057 , 
70917 , -0.0466 , 
70918 , 0.0254 , 
70920 , 0.0271 , 
70922 , 0.0491 , 
70924 , 0.0657 , 
70925 , 0.0833 , 
70927 , 0.0696 , 
70929 , 0.0215 , 
70931 , -0.0095 , 
70932 , 0.0017 , 
70934 , 0.0200 , 
70936 , 0.1848 , 
70937 , 0.0471 , 
70939 , -0.3396 , 
70941 , -0.2266 , 
70943 , 0.1697 , 
70944 , 0.4023 , 
70946 , -0.1257 , 
70948 , -0.1836 , 
70950 , 0.0513 , 
70951 , 0.2139 , 
70953 , 0.0884 , 
70956 , -0.0569 , 
70958 , -0.0188 , 
70959 , 0.1248 , 
70961 , 0.1465 , 
70963 , 0.0251 , 
70964 , -0.0083 , 
70966 , -0.0071 , 
70968 , 0.0188 , 
70970 , 0.0388 , 
70971 , 0.0686 , 
70973 , 0.0188 , 
70975 , 0.0183 , 
70977 , 0.0002 , 
70978 , 0.0330 , 
70980 , 0.0874 , 
70982 , 0.0835 , 
70983 , 0.0654 , 
70985 , -0.0439 , 
70987 , 0.0078 , 
70989 , 0.0298 , 
70990 , 0.0503 , 
70992 , 0.0044 , 
70994 , 0.0298 , 
70996 , 0.0317 , 
70998 , 0.0388 , 
71000 , 0.0344 , 
71002 , 0.0425 , 
71004 , 0.0537 , 
71005 , 0.0391 , 
71007 , 0.0425 , 
71009 , 0.0378 , 
71010 , 0.0476 , 
71012 , -0.0017 , 
71014 , 0.0022 , 
71016 , 0.0215 , 
71017 , 0.0466 , 
71019 , 0.0437 , 
71021 , 0.0703 , 
71023 , 0.0486 , 
71024 , 0.0334 , 
71026 , 0.0168 , 
71028 , 0.0205 , 
71029 , 0.0186 , 
71031 , 0.0330 , 
71033 , 0.0347 , 
71035 , 0.0408 , 
71036 , 0.0190 , 
71038 , 0.0354 , 
71041 , 0.0405 , 
71043 , 0.0491 , 
71044 , 0.0400 , 
71046 , 0.0325 , 
71048 , 0.0129 , 
71049 , 0.0227 , 
71051 , 0.0454 , 
71053 , 0.0498 , 
71055 , 0.0317 , 
71056 , 0.0298 , 
71058 , 0.0254 , 
71060 , 0.0254 , 
71062 , 0.0188 , 
71063 , 0.0164 , 
71065 , 0.0291 , 
71067 , 0.0457 , 
71068 , 0.0371 , 
71070 , 0.0378 , 
71072 , 0.0371 , 
71074 , 0.0305 , 
71075 , 0.0320 , 
71077 , 0.0322 , 
71079 , 0.0198 , 
71081 , 0.0239 , 
71083 , 0.0369 , 
71085 , 0.0227 , 
71087 , 0.0232 , 
71089 , 0.0381 , 
71090 , 0.0474 , 
71092 , 0.0471 , 
71094 , 0.0366 , 
71095 , 0.0374 , 
71097 , 0.0227 , 
71099 , 0.0198 , 
71101 , 0.0195 , 
71102 , 0.0234 , 
71104 , 0.0352 , 
71106 , 0.0447 , 
71108 , 0.0352 , 
71109 , 0.0273 , 
71111 , 0.0264 , 
71113 , 0.0283 , 
71114 , 0.0295 , 
71116 , 0.0298 , 
71118 , 0.0535 , 
71120 , 0.0464 , 
71121 , 0.0215 , 
71123 , 0.0120 , 
71126 , 0.0305 , 
71128 , 0.0330 , 
71129 , 0.0239 , 
71131 , 0.0171 , 
71133 , 0.0342 , 
71135 , 0.0439 , 
71136 , 0.0220 , 
71138 , 0.0151 , 
71140 , 0.0359 , 
71141 , 0.0317 , 
71143 , 0.0273 , 
71145 , 0.0364 , 
71147 , 0.0454 , 
71148 , 0.0208 , 
71150 , 0.0046 , 
71152 , 0.0339 , 
71154 , 0.0513 , 
71155 , 0.0442 , 
71157 , 0.0210 , 
71159 , 0.0354 , 
71160 , 0.0415 , 
71162 , 0.0261 , 
71164 , 0.0337 , 
71166 , 0.0337 , 
71168 , 0.0352 , 
71170 , 0.0049 , 
71172 , 0.0337 , 
71174 , 0.0308 , 
71175 , 0.0349 , 
71177 , 0.0200 , 
71179 , 0.0310 , 
71180 , 0.0303 , 
71182 , 0.0547 , 
71184 , 0.0569 , 
71186 , 0.0249 , 
71187 , 0.0115 , 
71189 , 0.0364 , 
71191 , 0.0413 , 
71193 , 0.0400 , 
71194 , -0.0059 , 
71196 , 0.0430 , 
71198 , 0.0352 , 
71200 , 0.0452 , 
71201 , -0.0093 , 
71203 , -0.0037 , 
71205 , 0.0344 , 
71206 , 0.0376 , 
71208 , 0.0439 , 
71211 , 0.0061 , 
71213 , 0.0264 , 
71214 , 0.0408 , 
71216 , 0.0464 , 
71218 , 0.0208 , 
71220 , 0.0208 , 
71221 , 0.0378 , 
71223 , 0.0308 , 
71225 , 0.0425 , 
71226 , 0.0181 , 
71228 , 0.0464 , 
71230 , 0.0273 , 
71232 , 0.0554 , 
71233 , 0.0239 , 
71235 , 0.0479 , 
71237 , 0.0315 , 
71239 , 0.0642 , 
71240 , 0.0417 , 
71242 , -0.0012 , 
71244 , 0.0142 , 
71245 , 0.0552 , 
71247 , 0.0342 , 
71249 , 0.0117 , 
71251 , 0.0232 , 
71252 , 0.0747 , 
71255 , 0.0461 , 
71257 , 0.0081 , 
71259 , 0.0093 , 
71260 , 0.0354 , 
71262 , 0.0337 , 
71264 , 0.0256 , 
71265 , 0.0249 , 
71267 , 0.0435 , 
71269 , 0.0383 , 
71271 , 0.0283 , 
71272 , 0.0356 , 
71274 , 0.0327 , 
71276 , 0.0256 , 
71278 , 0.0291 , 
71279 , 0.0332 , 
71281 , 0.0088 , 
71283 , 0.0452 , 
71284 , 0.0481 , 
71286 , 0.0503 , 
71288 , 0.0276 , 
71290 , 0.0210 , 
71291 , 0.0342 , 
71293 , 0.0300 , 
71296 , 0.0354 , 
71298 , 0.0432 , 
71299 , 0.0371 , 
71301 , 0.0349 , 